1118
1117
1119
1116
1117
1120
1121
1122
1122
1068
1063
1065
1067
1064
1065
1067
1072
1074
1076
1078
1080
1082
1084
1174
1068
1070
1084
1085
1141
1172
1174
1198
1201
1203
1205
1084
1085
1136
1138
1174
1176
1206
1208
1082
1083
1132
1134
1173
1175
1177
1209
1211
1226
1227
1228
1230
1232
1080
1081
1130
1132
1175
1212
1214
1233
1234
1079
1125
1127
1129
1130
1176
1177
1214
1215
1227
1076
1078
1079
1117
1119
1121
1124
1131
1213
1228
1266
1117
1131
1132
1210
1212
1229
1264
1320
1322
1076
1078
1079
1111
1113
1115
1117
1129
1130
1131
1209
1210
1229
1230
1263
1264
1319
1078
1110
1112
1132
1229
1264
1315
1317
1076
1133
1199
1205
1207
1208
1209
1223
1225
1227
1229
1259
1260
1261
1262
1264
1310
1311
1313
1315
 116
 118
1073
1074
1075
1133
1134
1195
1197
1201
1203
1224
1259
1260
1309
 114
 115
1073
1133
1134
1196
1197
1222
1223
1260
1261
1310
 113
 114
1061
1131
1132
1196
1197
1220
1260
1261
1309
1058
1059
1063
1131
1133
1193
1195
1220
1259
1260
1310
 114
1063
1064
1133
1193
1219
1257
1259
1309
1310
1365
1064
1134
1135
1136
1192
1193
1217
1258
1309
1366
1064
1133
1134
1191
1193
1194
1195
1215
1216
1257
1308
1309
1354
1365
1366
 179
 181
1064
1132
1134
1168
1176
1182
1188
1191
1192
1193
1194
1258
1304
1307
1308
1352
1353
1355
1356
1357
1358
1360
1363
1365
   8
 180
 181
1065
1066
1132
1169
1171
1173
1174
1177
1178
1180
1181
1182
1183
1189
1190
1214
1215
1258
1302
1303
1350
1352
1354
1362
1363
1364
1365
1366
1367
 180
1065
1068
1070
1129
1130
1131
1132
1183
1184
1188
1189
1212
1213
1259
1260
1300
1301
1302
1347
1349
1354
1363
1365
1368
1371
1372
1373
 931
 932
 934
 935
1065
1128
1185
1186
1188
1261
1262
1298
1299
1344
1346
1354
1355
1366
1367
1368
1370
 180
 181
 183
 184
 928
 930
1065
1184
1212
1213
1291
1293
1295
1297
1298
1299
1336
1338
1340
1342
1344
1345
1354
1368
1369
  69
 153
 180
 185
 186
 187
 189
 191
 193
 195
 197
 928
1030
1065
1080
1082
1083
1084
1085
1213
1262
1290
1335
1354
1355
1356
1369
  69
  70
 150
 151
 152
 180
 188
 198
 199
 338
 815
 928
1029
1031
1032
1040
1041
1042
1043
1044
1045
1066
1076
1078
1079
1214
1262
1263
1264
1266
1290
1331
1333
1334
1357
1369
  72
  74
  75
  76
  78
 143
 144
 145
 146
 147
 149
 180
 181
 199
 200
 335
 336
 337
 338
 815
 929
 995
1031
1032
1046
1048
1066
1072
1074
1290
1291
1329
1330
1357
1358
1369
 108
 134
 136
 138
 139
 140
 141
 142
 182
 183
 202
 203
 336
 431
 433
 435
 814
 822
 929
 956
 958
 985
 987
 988
 990
 992
 993
1032
1049
1066
1067
1068
1069
1071
1072
1073
1214
1215
1291
1292
1328
1330
1357
1358
 103
 105
 107
 129
 131
 132
 133
 139
 141
 184
 204
 205
 335
 336
 821
 822
 824
 929
 930
 943
 945
 955
 959
 985
1048
1049
1069
1070
1214
1292
1293
1326
1327
1356
1357
1414
  97
 102
 123
 124
 125
 126
 128
 142
 143
 181
 182
 184
 203
 205
 322
 323
 325
 327
 329
 331
 333
 334
 814
 816
 818
 820
 929
 940
 941
 942
 945
 947
 952
 953
 954
 982
 983
 985
1007
1008
1032
1033
1048
1069
1070
1215
1292
1322
1323
1325
1357
  93
  95
  96
  97
  99
 100
 101
 102
 120
 121
 123
 144
 181
 203
 204
 236
 237
 311
 313
 315
 317
 319
 321
 324
 325
 326
 329
 331
 816
 817
 896
 928
 940
 946
 948
 949
 951
 981
1032
1033
1048
1071
1072
1073
1074
1075
1077
1078
1216
1217
1291
1292
1323
1356
1413
1414
  93
  94
 119
 120
 143
 144
 204
 206
 208
 209
 233
 235
 897
 898
 899
 938
 939
 947
 948
 980
1048
1049
1079
1080
1217
1291
1323
1325
1355
1357
1358
1359
1360
1413
  89
  90
  91
  92
  94
 114
 116
 117
 118
 145
 146
 148
 149
 150
 151
 152
 210
 211
 232
 900
 928
 929
 931
 933
 934
 935
 937
 980
1032
1047
1048
1072
1079
1217
1218
1290
1291
1292
1326
1361
1405
1407
1410
1411
1413
1414
  89
 103
 105
 106
 108
 110
 111
 113
 153
 154
 212
 214
 215
 218
 220
 221
 222
 224
 226
 228
 230
 900
 902
 948
 949
 980
1031
1046
1071
1079
1080
1219
1292
1327
1361
1363
1394
1405
1407
1408
1409
  87
  89
  91
  96
  99
 101
 102
 113
 114
 115
 116
 118
 119
 120
 121
 122
 123
 128
 129
 154
 216
 218
 329
 331
 902
 949
 951
 980
1031
1045
1070
1071
1080
1082
1126
1186
1220
1221
1292
1327
1329
1330
1332
1394
1396
1397
1404
1406
1408
1414
1415
  87
  91
  93
  95
  98
 123
 124
 125
 126
 127
 130
 131
 155
 157
 158
 219
 319
 320
 322
 324
 325
 326
 327
 328
 330
 332
 334
 882
 951
 981
 982
1045
1046
1083
1084
1119
1120
1121
1122
1123
1125
1221
1223
1291
1292
1293
1333
1334
1335
1336
1395
1399
1401
1403
1416
1418
1420
1424
  85
  86
 131
 133
 134
 157
 159
 160
 161
 220
 221
 222
 325
 334
 336
 884
 886
 950
 951
 982
1047
1070
1085
1087
1089
1090
1092
1093
1094
1121
1185
1186
1187
1188
1224
1225
1226
1290
1336
1337
1425
  85
 135
 136
 161
 162
 337
 339
 340
 342
 886
 887
 950
 982
1070
1096
1097
1098
1099
1100
1101
1113
1115
1117
1119
1120
1122
1123
1124
1125
1126
1127
1128
1129
1130
1131
1132
1185
1186
1213
1214
1216
1217
1224
1225
1226
1228
1229
1288
1289
1336
1337
1338
1424
1425
  82
  84
 160
 222
 224
 343
 799
 801
 871
 873
 874
 885
 887
 947
 948
 949
 950
 979
 980
 982
1069
1070
1102
1104
1106
1108
1110
1112
1133
1134
1135
1185
1187
1204
1205
1206
1208
1210
1211
1212
1218
1219
1220
1222
1224
1230
1231
1287
1288
1333
1334
1335
  82
 160
 169
 170
 171
 176
 177
 178
 179
 225
 875
 876
 887
 967
 978
 982
1069
1112
1136
1137
1138
1185
1188
1189
1190
1191
1192
1193
1194
1197
1199
1201
1202
1203
1232
1233
1234
1288
1331
1332
1392
  81
  82
 161
 162
 163
 166
 167
 168
 171
 173
 174
 175
 887
 888
 968
 969
 970
 971
 977
 980
 981
1069
1070
1139
1141
1142
1143
1157
1158
1159
1160
1161
1186
1187
1192
1193
1194
1195
1196
1200
1201
1236
1237
1238
1239
1241
1243
1244
1245
1246
1247
1249
1250
1251
1252
1265
1330
1391
  81
 158
 159
 160
 162
 164
 165
 225
 788
 790
 887
 889
 890
 972
 973
 974
 975
 976
 979
1071
1072
1161
1164
1165
1166
1168
1170
1171
1172
1173
1174
1175
1176
1177
1178
1179
1189
1190
1191
1238
1252
1253
1254
1255
1256
1264
1265
1330
1388
1390
1391
  60
  62
  79
  80
  98
  99
 100
 158
 163
 164
 165
 166
 167
 169
 170
 171
 172
 173
 174
 175
 176
 177
 178
 179
 226
 891
 892
 980
 981
1072
1162
1163
1166
1167
1171
1172
1180
1181
1189
1238
1257
1258
1259
1260
1261
1262
1263
1330
  63
  64
  79
  96
  97
 159
 160
 161
 162
 171
 172
 173
 179
 180
 182
 226
 227
 789
 893
 894
 895
 982
 983
1073
1075
1181
1182
1189
1239
1259
1260
1261
1262
1322
1323
1324
1325
1327
1330
1386
1387
1388
  79
  80
  96
 119
 174
 896
 897
 898
 899
 984
 985
1076
1088
1182
1184
1189
1190
1239
1262
1263
1311
1323
1326
1327
1329
1380
1382
1383
1384
1385
  64
  65
  67
  69
  79
  81
  94
 119
 174
 175
 176
 177
 178
 226
 228
 229
 230
 231
 232
 900
 915
 916
 917
 918
 919
 920
 921
 986
 988
1076
1085
1087
1088
1089
1098
1184
1189
1190
1239
1262
1263
1311
1312
1314
1319
1320
1321
1323
  68
  69
  71
  74
  75
  76
  77
  79
  88
  89
  90
  92
  94
  95
 118
 138
 139
 179
 180
 233
 234
 235
 236
 237
 834
 835
 900
 914
 920
 922
 923
 989
1076
1078
1085
1089
1091
1092
1093
1094
1095
1096
1097
1098
1100
1101
1102
1103
1185
1186
1187
1188
1238
1239
1260
1261
1314
1318
  71
  73
  74
  80
  81
  82
  83
  84
  85
  86
  87
  91
  92
 117
 140
 141
 179
 180
 235
 262
 264
 266
 267
 832
 833
 834
 863
 901
 903
 904
 912
 913
 923
 989
 991
1079
1080
1081
1082
1083
1084
1085
1103
1104
1105
1236
1238
1262
1314
1315
1316
1318
  78
  79
 117
 118
 140
 142
 143
 144
 145
 146
 147
 148
 178
 179
 180
 229
 230
 231
 232
 234
 237
 239
 240
 241
 245
 246
 247
 248
 249
 250
 260
 262
 263
 265
 266
 832
 863
 905
 906
 907
 908
 909
 910
 911
 992
1000
1004
1006
1008
1010
1016
1078
1080
1232
1234
1235
1261
1262
  75
  77
 179
 181
 183
 227
 228
 242
 243
 244
 251
 252
 253
 254
 255
 256
 257
 258
 259
 267
 833
 834
 860
 861
 862
 993
 994
 995
 996
 997
 998
 999
1002
1003
1004
1006
1007
1011
1012
1013
1014
1015
1016
1018
1019
1020
1021
1022
1028
1029
1030
1031
1032
1033
1078
1224
1225
1226
1227
1228
1229
1230
1231
1234
1261
  74
  75
 140
 141
 179
 184
 185
 225
 226
 227
 267
 835
 836
 838
 855
 856
 857
 858
 859
 861
 906
 996
 997
 998
 999
1023
1024
1025
1026
1027
1028
1033
1035
1036
1078
1079
1219
1220
1221
1222
1223
1260
1261
  70
  72
  73
 141
 179
 181
 182
 186
 226
 267
 268
 269
 270
 838
 839
 840
 841
 842
 844
 845
 850
 851
 852
 853
 854
 905
 997
 998
1028
1029
1030
1031
1079
1080
1177
1178
1179
1180
1181
1182
1183
1184
1203
1204
1205
1206
1207
1208
1209
1210
1211
1212
1213
1214
1215
1216
1217
1218
1259
1260
  69
 140
 186
 188
 226
 269
 270
 845
 846
 847
 848
 849
 996
 998
 999
1031
1032
1033
1034
1176
1185
1186
1188
1203
1204
1257
1258
1259
 189
 203
 204
 224
 226
 270
 272
 844
 846
 847
 848
 849
 999
1035
1036
1080
1082
1174
1175
1188
1196
1204
1255
1257
1258
1259
 168
 205
 206
 207
 208
 209
 224
 273
 764
 765
 840
 842
 843
 844
 849
 946
 999
1036
1082
1083
1172
1173
1189
1190
1192
1193
1194
1196
1197
1198
1199
1200
1201
1203
1204
1206
1253
1255
1259
1270
1272
1274
 168
 209
 210
 211
 212
 213
 220
 221
 222
 223
 224
 273
 764
 849
 946
 996
 998
 999
1036
1037
1038
1083
1170
1171
1192
1197
1206
1252
1259
1262
1270
1272
  89
  91
  96
 167
 168
 214
 215
 216
 217
 218
 219
 273
 274
 848
 946
 996
1039
1040
1041
1042
1083
1085
1169
1170
1171
1197
1203
1204
1205
1206
1249
1250
1251
1252
1260
1261
1262
1264
1265
1266
1267
1268
1269
  92
  93
  94
  95
 165
 167
 268
 269
 270
 271
 272
 278
 280
 281
 763
 847
 945
 995
1043
1044
1045
1086
1165
1166
1167
1168
1171
1196
1197
1206
1207
1223
1246
1247
1248
1260
1261
  87
  89
 266
 268
 271
 272
 274
 275
 277
 278
 771
 773
 774
 847
 944
 945
 994
 995
1045
1047
1086
1087
1088
1124
1125
1126
1127
1128
1129
1130
1164
1170
1205
1224
1225
1226
1227
1228
1229
1231
1232
1234
1242
1243
1244
1245
1256
1257
1258
1259
1261
 184
 261
 262
 263
 264
 266
 275
 276
 277
 343
 771
 846
 945
 994
1046
1047
1048
1049
1050
1087
1103
1104
1105
1106
1115
1116
1117
1118
1119
1121
1122
1123
1131
1159
1160
1161
1162
1163
1164
1171
1206
1232
1233
1234
1235
1236
1237
1239
1240
1241
1242
1243
1244
1245
1257
1258
 254
 255
 256
 257
 258
 259
 260
 273
 274
 275
 276
 342
 455
 456
 768
 770
 845
 873
 874
 913
 945
 992
 993
 994
1048
1050
1051
1052
1088
1090
1101
1102
1107
1108
1109
1110
1111
1112
1113
1114
1120
1121
1131
1158
1159
1171
1172
1206
1238
1258
1259
 195
 197
 198
 199
 200
 251
 252
 253
 254
 274
 340
 341
 342
 446
 449
 457
 768
 873
 874
 875
 913
 942
 943
 945
 991
 992
 994
 995
 997
 999
1000
1052
1091
1092
1093
1094
1095
1096
1097
1098
1099
1100
1130
1131
1154
1155
1156
1158
1173
1206
1244
1259
1261
 195
 200
 252
 274
 338
 340
 442
 443
 444
 450
 457
 767
 873
 874
 876
 877
 879
 882
 913
 914
 941
 942
 943
 984
 986
 987
 988
 989
 990
 991
 995
 996
 997
 998
 999
1001
1002
1003
1052
1057
1058
1059
1060
1061
1092
1093
1096
1097
1098
1099
1152
1154
1173
1175
1176
1177
1178
1179
1180
1206
1242
1243
1244
1261
1264
 192
 194
 252
 274
 338
 440
 441
 457
 458
 879
 880
 882
 883
 914
 915
 917
 942
 984
 986
1003
1005
1006
1007
1008
1009
1010
1053
1055
1056
1061
1100
1129
1130
1152
1181
1182
1183
1184
1185
1186
1206
1261
1262
1263
1264
 192
 251
 326
 327
 328
 329
 330
 331
 336
 338
 442
 458
 884
 885
 886
 887
 888
 889
 890
 891
 892
 917
 918
 919
 920
 939
 941
 942
 987
 988
1010
1012
1013
1014
1055
1056
1057
1093
1129
1152
1181
1185
1186
1204
1205
1206
1242
1244
1245
 192
 250
 251
 324
 325
 332
 333
 334
 335
 336
 442
 443
 816
 921
 938
 939
 940
1015
1016
1058
1093
1125
1129
1183
1184
1203
1204
 192
 250
 251
 321
 322
 323
 345
 346
 347
 349
 443
 817
 818
 892
 893
 921
 922
 935
 937
1016
1018
1057
1093
1094
1126
1127
1128
1129
1182
1204
 191
 192
 220
 320
 343
 344
 443
 818
 820
 821
 822
 823
 893
 922
 923
 935
 936
1018
1056
1057
1095
1126
1182
1204
1206
 221
 234
 242
 244
 250
 251
 317
 318
 320
 336
 337
 338
 339
 340
 341
 342
 443
 823
 894
 895
 904
 905
 907
 923
 935
 936
1018
1019
1055
1056
1093
1094
1127
1182
1360
1361
1362
1363
1364
1365
1366
 203
 222
 223
 224
 225
 227
 228
 229
 231
 232
 233
 235
 236
 237
 238
 239
 240
 241
 248
 249
 317
 333
 334
 336
 443
 445
 824
 891
 892
 893
 894
 896
 897
 898
 899
 900
 901
 902
 903
 907
 908
 909
 910
 924
 925
 934
 936
1018
1019
1091
1092
1127
1128
1129
1130
1131
1182
1183
1358
1360
1367
1368
1369
 203
 204
 226
 232
 244
 245
 246
 247
 311
 312
 313
 317
 333
 369
 446
 825
 826
 827
 828
 829
 830
 831
 889
 890
 892
 911
 912
 913
 914
 916
 925
 930
 931
 932
 933
 934
 935
 936
 937
1017
1018
1054
1055
1088
1089
1090
1131
1132
 205
 208
 209
 307
 308
 309
 310
 311
 314
 316
 317
 318
 332
 333
 446
 889
 916
 925
 926
 927
 928
 929
 937
 939
 940
1013
1014
1015
1016
1053
1089
1132
1183
1358
 204
 310
 409
 443
 444
 446
 805
 887
 888
 917
 919
 920
 921
 922
 923
 924
 939
 940
 941
 942
1011
1012
1051
1052
1088
1089
1132
1183
1184
1185
 201
 203
 206
 208
 209
 328
 329
 330
 332
 409
 411
 412
 440
 441
 442
 805
 807
 808
 809
 810
 811
 812
 813
 814
 875
 876
 886
 887
 915
 917
 918
 942
 943
 944
1012
1013
1051
1084
1085
1086
1087
1133
1185
1187
 206
 327
 328
 815
 876
 877
 878
 879
 883
 884
 885
 887
 915
 943
 944
1014
1051
1084
1132
 205
 329
 440
 878
 879
 880
 883
 887
 915
1015
1016
1017
1049
1051
1083
1084
1085
1132
1231
1232
1233
1258
1259
1261
 203
 204
 205
 440
 795
 880
 881
 882
 884
 914
1018
1046
1047
1049
1132
1231
 201
 223
 226
 229
 230
 231
 328
 329
 913
 915
1018
1045
1085
1132
1154
1155
1231
 224
 226
 227
 228
 229
 327
 328
 404
 408
 409
 410
 416
 418
 424
 426
 459
 795
 915
1019
1045
1046
1047
1086
1087
1088
1089
1090
1091
1132
1133
1153
1154
1230
 229
 328
 405
 406
 407
 411
 412
 413
 414
 415
 416
 418
 420
 421
 422
 423
 424
 460
 461
 462
 463
 759
 778
 794
 795
 916
1019
1021
1048
1049
1052
1085
1087
1133
1152
1153
1203
1205
1209
1212
1213
1214
1227
1229
 229
 324
 325
 327
 464
 465
 476
 477
 479
 761
 762
 763
 777
 793
 916
 917
 918
 919
 920
1022
1049
1051
1052
1054
1055
1133
1198
1199
1200
1201
1203
1204
1205
1206
1207
1209
1210
1212
1214
1215
1216
1227
1228
 228
 324
 327
 466
 467
 468
 469
 471
 474
 475
 764
 765
 766
 793
 794
 914
 915
 916
 917
 918
 919
 920
1022
1024
1054
1055
1085
1087
1133
1152
1196
1198
1201
1203
1217
1218
1219
1220
1221
1222
1228
1230
1278
1279
1280
1281
1282
 229
 230
 327
 328
 471
 472
 473
 766
 768
 776
 777
 794
 913
 914
1024
1026
1054
1086
1133
1147
1149
1150
1151
1196
1200
1222
1223
1224
1230
1231
1273
1274
1275
1276
1277
1279
1280
 230
 329
 767
 768
 778
 795
 797
 798
 912
 913
1026
1027
1054
1085
1086
1087
1088
1089
1099
1101
1102
1103
1134
1145
1147
1200
1201
1202
1223
1232
1281
 230
 330
 393
 411
 412
 415
 766
 768
 798
 800
 801
 802
 803
 804
1026
1054
1055
1056
1057
1058
1059
1060
1061
1062
1063
1089
1099
1135
1137
1143
1145
1202
1203
1224
1225
1232
1238
1281
 230
 330
 390
 391
 392
 406
 408
 409
 410
 412
 414
 416
 767
 835
 837
 910
 911
 912
1027
1028
1063
1088
1089
1097
1098
1137
1138
1146
1147
1148
1149
1150
1202
1225
1226
1232
1237
1238
1280
1281
 230
 331
 332
 387
 388
 390
 736
 738
 739
 740
 741
 742
 743
 744
 745
 767
 804
 805
 837
 838
 842
 843
 905
 907
 908
 909
1029
1062
1063
1088
1097
1138
1142
1143
1149
1225
1226
1233
1234
1235
1236
1237
1280
 332
 386
 418
 745
 838
 842
 905
 906
 930
 931
 932
 933
1029
1030
1062
1063
1088
1090
1091
1092
1093
1094
1095
1096
1097
1098
1099
1100
1101
1102
1139
1140
1141
1148
1149
1227
1233
1235
1277
1278
1279
 230
 231
 239
 333
 383
 384
 386
 398
 405
 406
 407
 408
 409
 410
 411
 412
 413
 414
 415
 416
 417
 746
 747
 839
 841
 842
 903
 904
 926
 927
 928
 929
 930
 931
 932
1030
1032
1063
1064
1147
1227
1232
1233
1275
1276
 231
 232
 333
 383
 395
 396
 397
 404
 405
 445
 841
 904
 925
 926
1064
1145
1147
1227
1228
1231
1232
1273
1275
 232
 236
 237
 238
 239
 333
 334
 394
 405
 407
 408
 445
 747
 748
 841
 842
 902
 904
 924
 925
1032
1034
1064
1229
1248
1271
1273
 233
 234
 235
 238
 335
 394
 445
 748
 749
 841
 842
 903
 924
1035
1036
1037
1038
1144
1145
1229
1230
1231
1246
1247
1268
1269
1271
 233
 234
 335
 337
 339
 408
 410
 445
 750
 902
 924
1038
1040
1041
1042
1043
1044
1045
1046
1047
1144
1230
1242
1243
1244
1245
1268
 335
 336
 337
 339
 409
 445
 750
 751
 752
 753
 842
 844
 845
 901
 902
 924
 925
1048
1049
1050
1240
1241
1268
 233
 234
 247
 248
 445
 751
 844
 846
1051
1229
1230
1239
1240
1267
 234
 247
 250
 252
 445
 446
 722
 753
 845
 846
 848
 888
 889
 890
 891
 894
 900
 901
 925
 926
1051
1053
1054
1230
1231
1232
1233
1234
1237
1239
1266
1267
 234
 247
 248
 249
 250
 722
 723
 724
 725
 753
 754
 848
 849
 851
 891
 892
 899
 926
 927
1234
1235
1236
1237
1266
 228
 229
 230
 231
 232
 233
 250
 446
 725
 726
 727
 753
 851
 852
 854
 894
 895
 896
 927
1238
1240
1264
1265
 247
 249
 250
 431
 432
 726
 728
 729
 751
 753
 770
 772
 854
 855
 893
 895
 898
 899
 927
1240
1241
1242
1261
1262
1263
 247
 250
 431
 432
 434
 772
 773
 856
 857
 893
 897
 926
 927
1242
1259
1261
 247
 250
 251
 253
 434
 435
 436
 437
 438
 439
 751
 774
 775
 776
 781
 782
 783
 784
 858
 859
 860
 893
 898
 899
 900
 901
 902
 904
 926
1242
1255
1256
1257
1258
 240
 241
 242
 243
 244
 246
 247
 252
 253
 294
 295
 296
 297
 298
 299
 300
 301
 302
 304
 306
 307
 308
 309
 369
 370
 440
 750
 777
 778
 779
 781
 785
 786
 787
 789
 860
 891
 892
 904
 926
1242
1243
1251
1252
1253
1254
 239
 240
 241
 245
 246
 303
 306
 309
 310
 371
 372
 750
 789
 793
 794
 796
 860
 891
 904
 926
1250
1258
1259
 238
 310
 311
 312
 313
 314
 373
 750
 751
 752
 790
 791
 792
 796
 858
 859
 883
 884
 885
 886
 887
 888
 889
 890
 905
 907
1243
1244
1245
1246
1247
1249
1250
 238
 316
 373
 374
 375
 376
 428
 712
 715
 716
 717
 718
 719
 720
 795
 796
 855
 857
 860
 879
 882
 907
 926
 927
1245
1246
1247
1249
1256
1258
 239
 240
 315
 316
 377
 378
 402
 428
 713
 714
 719
 795
 800
 801
 854
 876
 878
 879
 880
 908
 910
1242
1243
1244
1256
 240
 316
 379
 380
 402
 403
 435
 449
 739
 740
 800
 853
 854
 910
 911
 926
 927
1214
1240
1241
1242
1256
 240
 241
 242
 245
 247
 248
 249
 250
 251
 316
 317
 380
 404
 428
 431
 432
 433
 449
 739
 795
 796
 800
 849
 851
 852
 911
1215
1238
1239
1240
1256
 226
 243
 244
 245
 252
 317
 381
 382
 404
 405
 406
 428
 429
 431
 449
 739
 795
 800
 911
 963
1018
1215
1237
1255
 227
 228
 243
 383
 384
 385
 407
 408
 409
 427
 429
 450
 739
 795
 800
 910
 964
 965
 966
 967
1215
1216
1227
1236
1254
1255
 228
 240
 241
 242
 243
 244
 252
 253
 317
 318
 378
 379
 380
 381
 382
 384
 410
 411
 426
 427
 450
 451
 452
 453
 454
 455
 738
 739
 740
 794
 795
 800
 910
 966
 968
1215
1216
1225
1226
1228
1229
1230
1231
1232
1233
1234
1235
1253
1254
 228
 229
 230
 231
 232
 233
 234
 235
 236
 237
 238
 239
 253
 318
 376
 378
 384
 385
 386
 412
 414
 417
 418
 419
 420
 421
 423
 426
 455
 739
 800
 911
 966
 968
 969
 970
 971
 972
 973
 974
 975
1216
1217
1222
1223
1224
1253
 253
 318
 374
 376
 387
 389
 414
 415
 416
 423
 425
 455
 738
 739
 795
 796
 798
 800
 801
 831
 832
 834
 835
 836
 837
 975
 976
 977
1217
1218
1219
1220
1222
 252
 253
 318
 390
 421
 423
 739
 759
 761
 762
 763
 765
 796
 798
 799
 800
 801
 835
 838
 978
 979
 980
1218
1220
 251
 252
 317
 318
 390
 418
 420
 421
 739
 761
 765
 766
 767
 768
 770
 801
 804
 806
 831
 958
 980
 981
 982
1221
1222
1223
1224
 390
 416
 418
 738
 739
 802
 803
 806
 807
 808
 809
 810
 811
 831
 959
 982
1224
 251
 317
 318
 320
 390
 415
 738
 809
 830
 831
 959
 983
 984
 985
1225
 251
 320
 321
 322
 391
 413
 415
 738
 810
 811
 824
 825
 826
 827
 828
 829
 830
 958
 985
 986
 987
1225
 251
 252
 322
 391
 413
 738
 739
 811
 812
 813
 814
 818
 823
 958
 986
 987
 988
 989
1225
 251
 252
 391
 403
 404
 405
 406
 407
 408
 409
 410
 411
 413
 738
 815
 816
 818
 819
 820
 821
 823
 956
 957
 989
 990
 252
 254
 322
 324
 390
 739
 956
 991
 255
 256
 324
 325
 390
 403
 404
 956
 991
 992
 255
 257
 258
 259
 260
 326
 327
 328
 329
 330
 332
 403
 956
 332
 355
 356
 357
 390
 399
 400
 401
 402
 956
 992
 333
 334
 357
 358
 387
 388
 389
 395
 396
 397
 398
 957
 959
 960
 992
 993
 335
 358
 359
 387
 393
 394
 961
 993
1211
1213
 335
 358
 387
 389
 391
 392
 961
 962
 992
 223
 357
 389
 391
 962
 963
 992
1210
1211
 268
 335
 336
 355
 356
 357
 424
 963
 965
 991
 992
1209
 224
 336
 355
 424
 966
 967
 992
 993
 994
1051
1054
1055
1056
1057
1058
1059
1060
1061
1062
1063
1064
1065
1208
1209
 336
 355
 356
 412
 967
 968
 994
 995
1003
1005
1006
1007
1051
1052
1054
1066
1068
1150
1151
1152
1207
 336
 337
 354
 355
 412
 423
 995
 996
1001
1003
1068
1069
1071
1148
1150
1153
1154
1155
1156
1157
1160
1221
1222
 354
 411
 412
 968
 996
 999
1000
1001
1071
1072
1159
1160
1161
1162
1164
1219
1220
 337
 354
 412
 414
 969
 996
 998
1072
1073
1081
1146
1147
1163
1164
1165
1217
1218
 338
 339
 340
 354
 396
 397
 415
 969
1073
1080
1081
1147
1165
 340
 354
 395
 415
 970
 971
1076
1077
1078
1080
1146
1165
 279
 339
 346
 348
 355
 357
 393
 394
 395
 971
 972
 973
1073
1074
1075
1077
1146
1164
1165
 279
 340
 341
 342
 343
 344
 345
 346
 357
 380
 381
 382
 391
 392
 393
 973
 975
1147
1163
1187
1188
1190
 233
 279
 348
 349
 350
 357
 358
 359
 379
 382
 384
 391
 976
1146
1147
1163
1164
1190
 233
 279
 280
 350
 351
 352
 353
 354
 355
 356
 357
 358
 379
 385
 386
 387
 388
 389
 390
1146
1163
 233
 279
 280
 358
 376
 378
 390
 976
1002
1003
1004
1146
1162
1163
 232
 233
 279
 280
 358
 373
 375
 376
 977
 979
 980
1001
1002
1145
1161
1162
 279
 359
 360
 361
 367
 369
 370
 371
 372
 373
 375
 980
 981
1001
1143
1144
1162
1195
1196
 277
 278
 362
 367
 982
 983
 998
 999
1000
1001
1142
1143
1162
1193
1195
 276
 277
 362
 366
 367
 984
 985
 986
 987
 988
 989
 996
 997
 998
1138
1139
1140
1142
1162
1163
1191
1193
 275
 276
 363
 364
 365
 366
 367
 988
 991
 992
 994
 995
 997
1138
1161
1162
1188
1189
1190
1191
 274
 362
 363
 366
 367
 368
 991
1137
1138
1161
 272
 273
 361
 363
 367
 368
1138
1186
1188
 269
 270
 272
 361
 362
 367
 368
1136
1138
1161
1162
1185
1186
 261
 262
 263
 264
 266
 267
 268
 269
 271
 272
 361
 367
 368
1122
1123
1124
1125
1126
1128
1132
1133
1134
1135
1136
1185
 261
 264
 266
 360
 361
 367
1018
1019
1121
1128
1129
1130
1131
1132
1133
1161
1162
1182
1184
 261
 359
 368
 380
1014
1015
1020
1021
1121
1181
1182
 261
 343
 344
 345
 347
 359
 366
 368
 379
 380
1012
1013
1016
1017
1018
1021
1022
1023
1120
1121
1161
1162
1179
1181
 261
 347
 348
 358
 367
 377
 378
 379
1011
1012
1023
1024
1121
1161
1166
1167
 349
 368
 370
 376
 377
1011
1012
1024
1098
1121
1122
1161
1164
1165
1168
1169
1170
1171
1172
1173
1174
1175
1176
1177
1178
1179
 261
 262
 350
 351
 357
 358
 368
 370
 372
 373
 375
 376
1011
1096
1097
1098
1099
1123
1124
1157
1158
1159
1160
1161
1162
1164
 262
 351
 352
 356
 357
 373
 375
1002
1005
1011
1013
1096
1100
1101
1102
1125
1157
 263
 352
 353
 354
 355
1003
1004
1005
1006
1007
1008
1009
1010
1011
1014
1102
1103
1125
1126
1127
 262
 354
 355
1009
1014
1103
1105
1117
1119
1120
1121
1122
1123
1125
1127
1129
 261
 262
 355
1007
1008
1014
1104
1105
1106
1119
1120
1121
1124
1125
1126
1127
1129
 261
 355
1007
1014
1106
1107
1108
1127
1128
1129
1194
 262
 355
1006
1007
1014
1019
1020
1190
1191
1192
1193
1194
1195
1196
1197
 261
 355
1005
1006
1015
1019
1108
1109
1141
1158
1159
1160
1161
1162
1188
1189
1197
 260
 261
 355
1005
1011
1013
1014
1016
1017
1018
1109
1111
1140
1141
1142
1163
1164
1166
1186
1187
1188
 259
 355
1009
1010
1011
1015
1016
1111
1126
1142
1186
1197
1198
1199
 259
 355
 356
1005
1012
1014
1022
1023
1112
1113
1126
1127
1128
1142
1166
1167
1168
1194
1195
1196
1198
 260
 354
 355
1003
1004
1008
1009
1011
1035
1114
1126
1127
1128
1135
1142
1143
1193
1194
1199
1200
 353
1003
1008
1009
1011
1022
1030
1032
1034
1114
1128
1134
1135
1143
1144
1168
1169
 353
 354
 368
 369
 841
 842
1003
1008
1009
1015
1016
1020
1021
1025
1026
1027
1028
1030
1032
1098
1114
1115
1121
1127
1133
1134
1145
1192
1193
 352
 353
 368
 843
1003
1014
1015
1019
1020
1021
1022
1023
1024
1025
1028
1098
1099
1100
1109
1115
1121
1127
1128
1133
1134
1144
1145
1157
1158
1159
1160
1162
1169
1170
1190
1191
 353
 354
 909
1003
1007
1008
1011
1013
1016
1018
1022
1024
1101
1102
1103
1104
1105
1109
1115
1120
1121
1124
1144
1145
1153
1154
1155
1156
1162
1163
1165
1170
 354
 355
 367
 843
 910
 911
1003
1007
1008
1009
1010
1011
1109
1110
1115
1120
1124
1127
1128
1134
1135
1144
1153
1165
1170
1172
1174
1175
1176
1177
1178
1179
1188
1190
 355
 843
 911
 912
 913
1003
1005
1006
1013
1015
1016
1035
1105
1106
1110
1111
1121
1123
1124
1128
1135
1144
1145
1153
1165
1166
1167
1169
1171
1172
1173
1174
1176
1179
1180
1188
1200
1202
 355
 356
 358
 843
1003
1004
1011
1013
1030
1032
1034
1035
1100
1107
1109
1112
1115
1116
1123
1124
1128
1135
1144
1145
1152
1168
1169
1175
1176
1180
1181
1186
1187
1199
 358
 359
 844
 913
1004
1010
1011
1028
1029
1032
1094
1096
1100
1101
1109
1113
1124
1128
1134
1146
1147
1148
1149
1151
1169
1170
1171
1173
1174
1175
1181
1183
1184
1185
1186
1198
 315
 359
 361
 845
1002
1003
1004
1009
1028
1032
1096
1097
1100
1101
1109
1110
1113
1115
1116
1124
1128
1134
1135
1145
1146
1148
1149
1170
1171
1172
1184
1198
 315
 361
 362
 845
1002
1003
1004
1005
1006
1007
1008
1028
1032
1040
1041
1046
1047
1060
1062
1070
1071
1072
1073
1074
1075
1076
1077
1078
1079
1080
1081
1082
1083
1084
1085
1086
1096
1097
1099
1100
1110
1111
1114
1116
1124
1128
1129
1130
1131
1133
1134
1135
1144
1145
1146
1149
1151
1152
1171
1172
1184
 316
 317
 844
1003
1028
1032
1040
1041
1045
1046
1062
1063
1064
1065
1066
1067
1068
1069
1087
1088
1089
1090
1091
1093
1094
1095
1099
1100
1111
1112
1114
1116
1124
1131
1132
1133
1134
1135
1137
1143
1151
1152
1166
1167
1184
 362
 844
1000
1002
1003
1005
1006
1032
1043
1045
1046
1093
1099
1113
1114
1116
1124
1137
1138
1139
1140
1141
1142
1143
1153
1163
1165
1166
1167
1168
1169
1170
1171
1183
1184
 317
 318
 843
1000
1003
1028
1029
1035
1036
1040
1041
1044
1045
1046
1048
1049
1097
1098
1099
1100
1103
1113
1114
1115
1116
1127
1135
1136
1137
1138
1140
1141
1153
1154
1161
1163
1165
1170
1171
 842
 843
 999
1000
1002
1029
1030
1032
1033
1036
1037
1041
1044
1046
1048
1069
1070
1092
1093
1094
1095
1096
1100
1102
1108
1113
1115
1117
1124
1125
1126
1127
1134
1135
1152
1153
1160
1161
1183
 318
 320
 842
 996
 997
 998
 999
1000
1030
1033
1037
1038
1042
1043
1069
1098
1099
1100
1101
1102
1105
1107
1113
1114
1115
1117
1125
1126
1127
1133
1135
1152
1171
1181
1183
 843
 994
 995
 996
 998
 999
1030
1034
1035
1038
1043
1044
1045
1053
1054
1055
1056
1057
1058
1059
1069
1096
1097
1101
1102
1103
1104
1105
1106
1107
1114
1115
1116
1117
1121
1127
1133
1134
1160
1161
1171
1172
 320
 843
 993
 994
 995
 997
 998
1030
1036
1038
1044
1045
1055
1056
1057
1068
1096
1099
1100
1101
1114
1115
1116
1117
1118
1120
1127
1132
1133
1161
1172
1180
1181
 321
 322
 843
 844
 992
 993
 996
 997
1030
1031
1032
1038
1039
1045
1055
1063
1064
1065
1068
1096
1097
1098
1099
1115
1116
1121
1127
1131
1161
1171
1172
1180
 322
 844
 845
 992
 995
1032
1038
1046
1051
1052
1055
1056
1065
1067
1068
1069
1073
1080
1084
1096
1097
1098
1110
1113
1115
1116
1118
1119
1120
1121
1122
1127
1131
1159
1160
1170
1171
1179
1180
 323
 845
 846
 991
 995
1033
1034
1036
1039
1040
1046
1047
1049
1052
1053
1056
1057
1067
1068
1073
1074
1079
1080
1083
1084
1093
1094
1096
1097
1113
1115
1116
1119
1120
1121
1126
1127
1131
1170
1179
1180
 323
 846
 847
 991
 995
1037
1040
1041
1049
1050
1058
1067
1068
1075
1079
1083
1090
1091
1092
1093
1094
1104
1105
1110
1111
1113
1115
1116
1121
1125
1126
1127
1131
1170
1178
1179
1192
1193
 323
 324
 325
 848
1036
1037
1038
1041
1042
1051
1052
1053
1054
1055
1058
1059
1066
1067
1079
1083
1087
1088
1089
1111
1115
1116
1121
1123
1124
1125
1127
1129
1130
1132
1178
1193
1194
1195
 325
 326
 327
 328
 329
 849
 850
 851
 991
 995
1038
1039
1040
1042
1044
1054
1055
1060
1065
1075
1076
1079
1081
1082
1083
1084
1085
1086
1087
1102
1103
1104
1110
1111
1112
1113
1115
1116
1121
1122
1127
1129
1179
1195
1197
1198
 329
 331
 850
 851
 992
 993
 996
 997
1040
1041
1042
1044
1045
1056
1057
1060
1071
1076
1077
1078
1080
1101
1110
1111
1115
1128
1179
 849
 993
 997
 998
1042
1043
1044
1045
1046
1047
1053
1054
1055
1056
1057
1058
1060
1061
1063
1065
1067
1070
1078
1079
1101
1109
1110
1111
1115
1116
1117
 849
 993
 998
1044
1045
1046
1047
1048
1049
1052
1053
1054
1062
1063
1064
1065
1066
1067
1068
1069
1070
1071
1078
1100
1101
1109
1115
1117
 850
 851
1048
1049
1050
1052
1071
1078
1099
1108
1109
1115
1117
1118
1145
1146
1147
1148
 851
 993
 998
1078
1108
1118
1121
1141
1144
1145
1148
1149
 851
 991
 992
 996
 997
1071
1072
1078
1098
1099
1108
1115
1119
1122
1142
1143
1144
 851
 990
 996
1072
1073
1074
1078
1098
1105
1107
1108
1115
1121
1122
1149
1150
1156
1157
1158
 851
 990
 995
 996
1074
1075
1076
1078
1098
1105
1108
1113
1115
1116
1121
1122
1150
1153
1157
1158
 851
 994
1076
1077
1079
1097
1104
1105
1114
1150
1151
1152
1153
1154
1155
1158
1172
1185
1186
 851
1079
1080
1097
1114
1120
1121
1152
1155
1156
1157
1160
1171
1172
1187
 851
1080
1081
1097
1103
1104
1114
1120
1158
1159
1160
1161
1162
1163
1164
1165
1166
1171
1187
 850
 851
1082
1097
1103
1113
1114
1121
1158
1160
1166
1167
1168
1169
1170
1171
1174
 850
1097
1099
1103
1113
1114
1121
1152
1153
1154
1155
1157
1158
1172
 847
 848
 850
1098
1099
1103
1114
1122
1155
1156
1157
 328
 847
1024
1026
1027
1100
1104
1114
1122
1173
 846
1017
1018
1019
1020
1021
1022
1023
1024
1100
1114
1122
1123
 298
 301
 844
 845
1012
1013
1014
1015
1016
1017
1101
1102
1103
1104
1114
1123
1124
 298
 299
 301
 843
1011
1012
1017
1049
1050
1051
1052
1053
1054
1055
1100
1101
1114
1124
 301
 842
1011
1012
1013
1014
1015
1016
1018
1019
1055
1099
1101
1114
1122
1124
 302
 304
 305
1010
1012
1019
1055
1099
1114
1122
1141
1142
1143
 304
 305
 306
 841
 842
1055
1056
1057
1067
1099
1113
1114
1115
1122
 306
 841
1039
1057
1058
1063
1098
1099
1114
1120
1121
1143
1144
 307
 841
 842
1039
1059
1060
1061
1062
1063
1064
1065
1066
1099
1114
1120
1121
1144
1146
 842
1039
1100
1114
1120
1121
1122
1127
1128
 842
1036
1037
1039
1100
1110
1112
1113
1122
1123
1124
1125
1126
1127
 841
 853
1037
1038
1039
1100
1110
1127
 841
 850
 852
1039
1041
1042
1100
1110
1127
 841
 849
 853
1033
1034
1035
1036
1039
1041
1100
1109
1110
1127
 841
 842
 848
 849
 854
1031
1033
1036
1038
1040
1041
1100
1109
1127
 312
 313
 315
 847
 848
 854
1039
1040
1041
1100
1109
1126
 312
 313
 314
 315
 317
 842
 846
 854
1042
1100
1101
1109
1110
1125
1132
1133
1134
1136
 312
 317
 318
 319
 320
 842
 844
 846
 855
1043
1101
1110
1125
1127
1128
1132
 311
 319
 320
 844
 855
1043
1101
1110
1125
1126
1129
1130
1131
1132
1136
1137
 855
1043
1045
1101
1102
1137
 854
 855
1045
1046
1102
1110
1111
1138
1139
 713
 714
1027
1047
1102
1110
 710
 711
 712
 713
 715
 716
 717
 854
1028
1040
1101
1102
1110
1138
1139
 707
 708
 709
 718
 719
 851
 852
 854
1036
1037
1038
1039
1040
1041
1042
1047
1048
1100
1110
1139
 706
 707
 850
 851
1028
1029
1031
1042
1043
1100
1140
 704
 705
 706
 719
 720
 850
1031
1032
1033
1034
1035
1036
1043
1140
1141
 703
 704
 720
 721
 850
1043
1120
1121
1142
 703
 722
 850
1120
1142
 703
 704
 722
 849
 850
 851
 852
1120
1139
1141
1142
 849
1120
1121
1137
1138
1141
1142
1143
 703
 704
 722
 723
 848
 849
 852
 853
1121
1143
 703
 723
 724
 853
1121
1143
 702
 703
 724
 725
 848
 853
1143
 699
 700
 701
 702
 703
 725
 726
 848
 854
1121
1122
1143
 697
 699
 701
 703
 849
 854
1121
1143
 695
 697
 700
 701
 726
 727
 728
 849
 854
1121
1122
1143
1145
1146
 691
 692
 693
 695
 698
 699
 728
 729
 850
 854
 855
1143
1145
1147
 690
 694
 695
 696
 698
 729
 778
 850
 851
 855
1134
1143
 689
 690
 778
 851
 855
 856
1135
1143
 687
 689
 693
 694
 729
 778
 779
 851
 856
1136
1138
1143
 687
 730
 732
 779
 850
 851
 856
1139
1142
1143
1144
 686
 687
 733
 779
 780
 851
 857
1139
1141
 685
 686
 733
 734
 780
 850
 851
 857
1139
1140
1141
 684
 734
 780
 781
 857
 858
1140
 683
 684
 735
 736
 781
 850
 859
1039
1140
 420
 682
 683
 737
 738
 781
 782
 850
 860
1031
1037
1038
1140
1141
 421
 681
 682
 738
 783
 784
 849
 850
 860
1032
1033
1034
1035
1037
1140
1141
 420
 421
 738
 784
 786
 788
 848
 849
 860
1141
1146
 738
 786
 789
 848
 849
1142
1146
 420
 738
 789
 848
 849
 850
1143
 420
 738
 790
 791
 847
 850
 851
1143
1144
 420
 738
 743
 766
 768
 769
 792
 842
 846
1145
 420
 421
 743
 766
 767
 770
 771
 793
 803
 839
 840
 841
 842
 843
 844
 845
 846
 847
 848
 421
 738
 739
 741
 743
 763
 765
 791
 792
 794
 797
 798
 799
 800
 801
 802
 836
 837
 839
 841
 849
 421
 423
 424
 667
 669
 741
 742
 743
 744
 795
 796
 837
 840
 841
 849
 850
 421
 424
 469
 470
 471
 472
 474
 476
 713
 714
 715
 716
 744
 760
 761
 762
 763
 791
 796
 832
 833
 834
 835
 836
 837
 838
 850
 851
 852
 421
 424
 425
 466
 467
 468
 474
 475
 716
 717
 745
 746
 760
 790
 791
 832
 837
 839
 841
 852
 853
 411
 412
 419
 421
 424
 441
 442
 443
 444
 447
 449
 461
 462
 463
 464
 465
 717
 718
 719
 747
 748
 750
 751
 758
 759
 832
 841
 852
 419
 424
 440
 444
 445
 446
 449
 451
 456
 457
 458
 461
 462
 464
 719
 720
 748
 752
 753
 754
 756
 757
 790
 791
 832
 841
 852
 411
 419
 424
 440
 447
 448
 450
 451
 452
 453
 454
 455
 459
 461
 671
 674
 675
 720
 746
 747
 753
 755
 756
 790
 791
 792
 832
 842
 852
 411
 418
 424
 444
 445
 446
 447
 450
 451
 452
 453
 454
 670
 673
 691
 720
 746
 756
 757
 791
 793
 842
1216
 411
 412
 416
 418
 424
 425
 426
 433
 436
 438
 439
 440
 441
 442
 444
 451
 691
 720
 746
 757
 842
1218
 412
 423
 424
 426
 427
 434
 436
 438
 439
 451
 673
 692
 697
 698
 720
 746
 808
 843
 844
 412
 416
 422
 423
 427
 429
 451
 692
 698
 720
 746
 808
 844
 412
 413
 416
 421
 422
 439
 448
 450
 451
 676
 692
 698
 699
 720
 729
 730
 733
 746
 753
 807
 845
 846
 416
 439
 440
 441
 442
 443
 444
 445
 446
 448
 449
 450
 691
 693
 699
 700
 720
 722
 746
 747
 752
 754
 807
 808
 416
 417
 421
 439
 440
 450
 692
 693
 700
 722
 746
 752
 754
 755
 802
 808
 846
 847
 417
 421
 438
 445
 446
 449
 694
 700
 705
 746
 751
 752
 802
 807
 417
 421
 438
 443
 444
 445
 446
 447
 448
 449
 700
 705
 745
 746
 764
 772
 773
 802
 807
 816
 817
 847
 416
 417
 421
 437
 442
 443
 446
 447
 448
 694
 700
 705
 744
 751
 752
 764
 796
 798
 799
 800
 801
 802
 807
 815
 816
 818
 847
 420
 421
 434
 436
 440
 442
 445
 446
 447
 448
 695
 744
 745
 752
 764
 765
 769
 771
 772
 773
 799
 801
 811
 812
 815
 816
 817
 818
 819
 820
 846
 420
 427
 428
 432
 434
 444
 445
 447
 448
 744
 765
 767
 768
 769
 795
 796
 806
 807
 808
 810
 811
 813
 814
 845
 846
1175
 420
 428
 429
 430
 431
 432
 438
 439
 440
 441
 442
 443
 444
 448
 744
 764
 765
 767
 794
 795
 801
 803
 804
 805
 806
 807
 811
 812
 845
1176
1177
 410
 411
 420
 428
 431
 436
 437
 438
 448
 761
 762
 763
 764
 782
 794
 808
 809
 810
 811
 812
 846
1123
1177
 420
 430
 431
 436
 444
 445
 446
 447
 448
 449
 451
 452
 761
 794
 810
 811
 812
 813
 814
 826
 827
 828
 829
 846
1123
 420
 438
 439
 440
 441
 442
 443
 448
 452
 758
 760
 782
 784
 794
 815
 816
 817
 818
 820
 822
 823
 824
 825
 827
 828
 829
 830
 831
 832
 833
 834
 847
 848
1129
1131
1132
1133
1187
1188
 419
 439
 440
 447
 448
 452
 759
 784
 794
 819
 820
 825
 826
 827
 847
1129
1130
1131
1132
 418
 419
 438
 439
 445
 447
 784
 794
 802
 803
 845
 846
 430
 431
 432
 433
 434
 435
 437
 438
 442
 443
 444
 445
 448
 449
 784
 785
 793
 794
 802
 803
 816
 817
 845
1175
1176
1187
1190
 406
 428
 429
 430
 437
 441
 442
 448
 449
 450
 784
 792
 803
 813
 814
 815
 845
1175
1185
1186
1187
1188
1189
 406
 425
 426
 427
 428
 435
 437
 438
 439
 440
 441
 446
 447
 450
 451
 476
 759
 760
 784
 792
 801
 802
 803
 812
 813
 845
 846
 847
 848
 849
1111
1166
1167
1172
1173
1174
1184
1185
 406
 425
 434
 435
 436
 437
 438
 439
 440
 451
 452
 453
 454
 476
 760
 778
 779
 780
 781
 784
 792
 799
 800
 801
 805
 806
 807
 808
 809
 810
 811
 812
 845
 848
1167
1168
1169
1170
1171
1172
1184
 406
 407
 408
 409
 475
 476
 780
 781
 782
 783
 784
 792
 797
 798
 799
 800
 801
 802
 803
 810
 812
 823
 824
 825
 826
 827
 845
 848
 849
1123
1124
 447
 451
 452
 474
 784
 797
 804
 805
 806
 807
 812
 813
 822
 827
 828
 829
 842
 844
 848
 849
 850
1123
 439
 445
 447
 448
 452
 474
 784
 785
 791
 792
 794
 796
 797
 798
 799
 800
 801
 802
 803
 814
 815
 816
 817
 818
 819
 820
 821
 822
 823
 824
 825
 826
 829
 830
 831
 832
 851
1123
 429
 430
 433
 434
 435
 436
 437
 439
 440
 441
 443
 448
 450
 452
 474
 771
 785
 786
 791
 793
 796
 797
 800
 801
 815
 816
 820
 822
 827
 828
 832
 834
 851
 431
 434
 435
 436
 437
 439
 440
 443
 450
 451
 452
 771
 772
 786
 791
 792
 793
 794
 795
 802
 803
 817
 818
 820
 828
 829
 830
 834
 851
 852
1169
1170
1171
1179
1180
 418
 419
 422
 423
 431
 432
 443
 449
 450
 451
 473
 474
 771
 787
 788
 789
 791
 792
 793
 816
 817
 819
 820
 821
 822
 823
 824
 852
1167
1168
1169
1181
 419
 420
 423
 425
 426
 432
 433
 443
 444
 450
 472
 769
 771
 786
 787
 788
 789
 791
 792
 793
 803
 816
 820
 852
 853
1127
1129
1166
1167
1186
 420
 421
 423
 426
 427
 430
 431
 433
 434
 435
 445
 446
 447
 448
 449
 451
 472
 769
 770
 784
 785
 788
 789
 790
 792
 804
 816
 821
 822
 823
 853
1130
1162
1163
1164
1165
1166
1181
1182
1186
 421
 422
 423
 427
 428
 429
 430
 431
 435
 436
 447
 451
 453
 472
 763
 764
 765
 766
 767
 768
 769
 786
 788
 789
 790
 791
 793
 794
 795
 796
 798
 799
 800
 801
 803
 804
 816
 822
 853
1156
1159
1160
1161
1162
1163
1166
1176
1182
1183
1187
 413
 414
 420
 422
 423
 424
 425
 430
 431
 436
 437
 438
 453
 454
 455
 456
 457
 458
 459
 460
 461
 462
 463
 464
 468
 472
 761
 762
 786
 788
 789
 790
 795
 796
 797
 798
 800
 802
 803
 805
 806
 807
 816
 822
 853
 890
1156
1158
1159
1166
1167
1176
1183
1184
1185
1186
1187
1188
 415
 416
 417
 422
 425
 426
 427
 428
 429
 430
 438
 450
 451
 452
 453
 465
 466
 468
 472
 473
 475
 515
 760
 769
 770
 786
 788
 789
 791
 797
 798
 800
 801
 803
 804
 805
 806
 808
 809
 810
 816
 817
 821
 852
 853
1176
1177
1178
1179
1188
1189
 417
 419
 422
 423
 431
 432
 433
 438
 439
 440
 449
 450
 451
 452
 469
 472
 473
 515
 757
 759
 760
 761
 770
 771
 772
 786
 787
 789
 790
 798
 799
 800
 801
 802
 805
 806
 810
 811
 812
 817
 821
 843
 846
 847
 848
 849
 850
 851
1179
 419
 420
 423
 424
 425
 433
 434
 436
 438
 439
 440
 441
 442
 469
 471
 472
 473
 515
 755
 757
 762
 772
 773
 784
 787
 788
 789
 806
 807
 812
 814
 815
 818
 822
 824
 827
 828
 829
 841
 843
 844
 845
1136
1179
 420
 421
 426
 434
 435
 436
 437
 438
 439
 440
 442
 471
 472
 473
 511
 512
 514
 526
 527
 528
 535
 762
 763
 773
 784
 785
 786
 807
 809
 816
 819
 820
 822
 823
 824
 826
 827
 845
1129
1130
1134
1135
1136
1179
 421
 426
 427
 442
 443
 445
 446
 447
 448
 454
 455
 456
 467
 468
 469
 472
 473
 474
 481
 495
 496
 507
 508
 509
 510
 511
 525
 534
 535
 763
 785
 786
 792
 794
 809
 810
 820
 823
 824
1130
1131
1132
1133
1134
1179
1271
 422
 427
 443
 444
 449
 450
 451
 452
 453
 454
 456
 457
 469
 471
 472
 473
 475
 481
 482
 485
 487
 495
 496
 498
 504
 505
 506
 510
 514
 515
 516
 518
 525
 528
 529
 535
 785
 786
 794
 795
 820
 822
 823
 824
1173
1179
1271
 420
 421
 422
 423
 427
 432
 435
 436
 458
 459
 475
 482
 483
 484
 487
 494
 498
 499
 500
 501
 504
 511
 514
 515
 516
 522
 529
 535
 784
 785
 792
 793
 820
 821
 824
1173
1174
1176
1179
1271
 422
 423
 424
 425
 427
 428
 429
 430
 431
 432
 433
 434
 436
 437
 438
 453
 454
 455
 456
 458
 459
 476
 483
 484
 485
 487
 489
 493
 499
 500
 501
 502
 503
 511
 514
 516
 528
 534
 784
 793
 819
 820
 822
 825
1140
1173
1176
1179
1271
 426
 438
 439
 440
 441
 449
 450
 452
 453
 455
 456
 457
 458
 459
 460
 477
 487
 488
 489
 490
 491
 492
 503
 511
 516
 517
 522
 528
 533
 534
 784
 790
 793
 819
 822
1133
1134
1139
1173
1177
1178
1272
 425
 426
 441
 443
 444
 445
 448
 451
 452
 456
 458
 478
 487
 489
 490
 491
 492
 499
 511
 517
 521
 528
 533
 543
 544
 552
 761
 762
 784
 787
 789
 790
 791
 792
 793
 794
 820
 823
 824
 825
1134
1135
1136
1137
1139
1172
1176
1177
1178
1271
1272
1273
1274
 426
 427
 443
 444
 446
 447
 448
 450
 451
 455
 456
 459
 460
 461
 478
 479
 480
 481
 482
 484
 485
 486
 487
 489
 499
 511
 512
 513
 518
 521
 526
 527
 528
 532
 533
 539
 542
 543
 544
 551
 552
 761
 784
 785
 786
 787
 788
 789
 794
 795
 819
 820
 823
1136
1137
1139
1172
1173
1176
1269
1270
1272
1274
1275
 427
 428
 431
 432
 442
 443
 444
 445
 446
 447
 448
 449
 450
 460
 461
 462
 469
 476
 477
 478
 480
 483
 484
 488
 489
 499
 510
 511
 512
 513
 519
 521
 524
 525
 526
 539
 540
 542
 549
 550
 552
 784
 789
 790
 791
 792
 793
 795
 796
 797
 798
 799
 800
 801
 802
 803
 804
 805
 809
 810
 811
 819
 823
1177
1268
1269
1274
1275
1276
1277
1281
 422
 429
 431
 432
 433
 449
 450
 455
 459
 460
 462
 469
 473
 474
 475
 481
 482
 483
 484
 486
 488
 489
 498
 509
 513
 521
 524
 532
 535
 536
 537
 538
 539
 540
 541
 542
 543
 552
 770
 783
 789
 791
 794
 795
 796
 804
 805
 806
 807
 808
 809
 819
 823
 824
1277
1279
1280
1281
 422
 427
 433
 434
 435
 436
 437
 438
 439
 442
 448
 449
 450
 463
 464
 465
 466
 467
 468
 469
 470
 471
 472
 474
 480
 482
 483
 484
 485
 486
 498
 507
 508
 513
 514
 521
 524
 531
 534
 535
 536
 537
 539
 548
 549
 552
 768
 769
 782
 789
 791
 792
 797
 804
 805
 806
 808
 809
 819
 823
 824
1278
1280
1281
1284
1285
1296
1297
 422
 426
 427
 440
 442
 466
 468
 474
 482
 483
 496
 497
 507
 509
 514
 521
 524
 525
 533
 538
 540
 541
 543
 544
 767
 768
 781
 782
 785
 786
 787
 788
 789
 792
 793
 797
 799
 800
 802
 803
 806
 809
 811
 812
 819
 820
 824
1276
1280
1281
1283
1284
1285
1286
1287
1290
1291
1292
1293
1294
1295
1298
 408
 409
 410
 422
 424
 425
 426
 439
 440
 442
 465
 466
 471
 472
 473
 479
 480
 482
 494
 496
 504
 505
 506
 509
 514
 521
 522
 532
 538
 540
 545
 548
 568
 766
 781
 785
 788
 793
 794
 801
 802
 812
 819
 820
 824
 826
1277
1287
1288
1289
1290
1291
1293
1295
1298
 407
 410
 420
 421
 422
 423
 424
 426
 470
 478
 479
 480
 483
 493
 501
 502
 504
 508
 509
 514
 538
 541
 546
 548
 779
 780
 785
 795
 800
 802
 804
 812
 813
 827
1277
1295
1298
 407
 411
 412
 413
 414
 415
 417
 418
 420
 424
 425
 468
 469
 470
 471
 478
 479
 480
 483
 492
 493
 494
 501
 514
 522
 537
 538
 540
 541
 548
 567
 568
 776
 777
 778
 779
 786
 794
 795
 800
 804
 814
 819
 820
 827
 843
1277
1295
1298
 406
 415
 416
 423
 424
 467
 468
 477
 481
 482
 494
 501
 502
 508
 514
 522
 525
 527
 528
 536
 537
 539
 540
 544
 545
 546
 548
 549
 775
 776
 786
 795
 800
 804
 805
 814
 820
 821
 827
 837
 839
 840
 841
 842
 843
1272
1275
1277
1289
1295
1298
1299
 405
 406
 417
 423
 467
 468
 476
 478
 481
 491
 492
 494
 495
 496
 508
 509
 522
 524
 525
 526
 529
 535
 536
 548
 549
 550
 567
 774
 775
 786
 795
 800
 803
 804
 806
 807
 808
 815
 822
 827
 837
 838
1273
1275
1276
1277
1288
1289
 415
 416
 421
 422
 423
 462
 463
 464
 465
 466
 467
 474
 475
 478
 481
 490
 491
 496
 501
 502
 503
 518
 519
 520
 521
 523
 526
 529
 535
 539
 544
 548
 551
 552
 566
 786
 800
 803
 814
 815
 822
 827
 832
 838
1273
1275
1276
1280
1288
 405
 421
 422
 460
 461
 462
 465
 473
 478
 481
 489
 490
 496
 497
 501
 502
 509
 517
 518
 520
 526
 527
 530
 542
 544
 547
 565
 772
 773
 774
 786
 799
 800
 803
 808
 809
 814
 815
 827
 828
 829
 830
 831
 833
 834
 835
 836
 837
1280
1281
1288
 415
 419
 421
 462
 463
 472
 473
 478
 479
 489
 496
 503
 509
 510
 517
 526
 530
 543
 547
 548
 564
 565
 769
 771
 786
 798
 802
 809
 814
 827
 828
 837
1281
1284
1285
1288
 416
 419
 471
 472
 486
 487
 489
 496
 500
 501
 503
 525
 526
 530
 548
 549
 563
 564
 786
 802
 809
 815
 827
 838
1281
1283
1284
1288
1297
1299
1300
 414
 415
 416
 419
 461
 462
 470
 478
 496
 497
 500
 503
 510
 512
 524
 525
 530
 544
 545
 548
 549
 786
 803
 804
 805
 809
 810
 815
 827
 838
 839
1281
1282
1283
1288
1297
1306
1307
 414
 419
 461
 469
 470
 477
 478
 486
 497
 500
 504
 510
 511
 512
 523
 524
 530
 543
 544
 545
 546
 548
 549
 550
 551
 787
 804
 806
 809
 816
 827
 829
 830
 839
 840
1276
1280
1281
1283
1284
1288
1293
1295
1298
1299
1300
 414
 418
 419
 460
 461
 469
 476
 477
 486
 499
 500
 504
 505
 509
 510
 513
 514
 523
 528
 529
 538
 539
 540
 541
 543
 546
 549
 551
 787
 807
 828
 830
 831
 863
 865
1279
1280
1284
1285
1286
1287
1288
1295
1296
1300
1301
 419
 420
 467
 468
 477
 487
 488
 500
 505
 506
 509
 514
 523
 530
 536
 538
 539
 540
 545
 549
 787
 810
 828
 831
 832
 865
 866
1278
1284
1285
1286
1296
1300
1301
 419
 420
 468
 476
 477
 478
 486
 487
 506
 508
 509
 515
 522
 523
 528
 529
 530
 538
 544
 545
 549
 788
 789
 807
 810
 827
 832
 866
 868
1284
1286
1297
1300
 419
 421
 468
 475
 476
 479
 488
 506
 507
 509
 514
 515
 522
 538
 549
 789
 807
 810
 827
 832
 834
 848
 868
 869
 870
 871
 872
 873
 874
 875
 876
 877
1286
1287
1289
1290
1291
1292
1293
1300
 421
 466
 467
 468
 476
 479
 486
 488
 506
 514
 523
 528
 537
 544
 549
 789
 790
 807
 810
 825
 826
 827
 834
 871
 875
 876
1287
1288
1290
1291
 421
 422
 465
 466
 468
 470
 479
 481
 486
 489
 506
 509
 523
 527
 537
 544
 790
 791
 807
 810
 826
 835
 870
1289
 422
 464
 476
 481
 486
 489
 506
 509
 521
 522
 527
 537
 544
 561
 562
 563
 807
 810
 824
 825
 826
 827
 835
 869
 421
 422
 463
 464
 470
 482
 485
 486
 489
 491
 510
 520
 527
 536
 561
 564
 565
 566
 791
 792
 807
 810
 824
 826
 834
 835
 461
 463
 482
 485
 491
 492
 511
 527
 528
 558
 560
 772
 774
 792
 807
 810
 821
 822
 824
 826
 827
 422
 423
 460
 461
 485
 486
 492
 493
 494
 511
 520
 526
 555
 556
 557
 558
 566
 772
 774
 807
 810
 811
 821
 822
 823
 828
 834
 423
 458
 459
 460
 486
 487
 494
 495
 496
 509
 510
 511
 519
 526
 528
 551
 552
 553
 554
 555
 567
 568
 570
 775
 777
 780
 784
 807
 822
 829
 834
 423
 424
 458
 496
 508
 509
 518
 519
 526
 528
 551
 570
 572
 777
 779
 780
 781
 782
 783
 784
 785
 807
 821
 822
 834
 423
 424
 458
 487
 497
 498
 507
 508
 518
 519
 526
 551
 573
 785
 808
 809
 834
 423
 424
 457
 458
 486
 487
 496
 497
 508
 517
 518
 520
 526
 549
 550
 573
 574
 785
 786
 834
 425
 426
 456
 458
 486
 488
 496
 507
 520
 526
 787
 834
 880
 881
 424
 425
 426
 427
 455
 456
 458
 486
 488
 496
 497
 506
 507
 517
 525
 526
 547
 549
 788
 789
 834
 843
 857
 878
 880
 421
 422
 423
 424
 427
 428
 452
 453
 454
 455
 458
 486
 488
 489
 497
 506
 507
 517
 526
 789
 834
 842
 875
 876
 878
 423
 425
 427
 449
 450
 451
 452
 453
 454
 458
 486
 498
 506
 517
 525
 546
 547
 789
 790
 833
 841
 857
 858
 872
 873
 875
 423
 424
 427
 428
 448
 449
 452
 453
 458
 459
 506
 517
 525
 790
 833
 839
 841
 858
 423
 428
 447
 448
 452
 459
 460
 505
 506
 517
 525
 546
 790
 833
 834
 835
 839
 857
 418
 419
 421
 424
 428
 446
 452
 459
 461
 506
 516
 517
 525
 546
 547
 790
 837
 839
 857
 419
 420
 421
 422
 427
 428
 429
 430
 443
 444
 445
 446
 452
 459
 461
 462
 463
 465
 516
 517
 526
 527
 547
 810
 835
 837
 838
 857
 422
 424
 425
 428
 429
 430
 438
 439
 440
 441
 442
 443
 444
 452
 459
 462
 463
 465
 516
 517
 526
 527
 528
 546
 810
 848
 858
 421
 422
 425
 426
 429
 438
 439
 440
 451
 452
 459
 515
 516
 517
 518
 810
 847
 848
 858
 425
 426
 429
 430
 438
 450
 451
 459
 515
 517
 527
 546
 810
 811
 817
 846
 847
 858
 425
 426
 427
 428
 429
 430
 432
 438
 458
 459
 515
 517
 546
 806
 807
 808
 811
 812
 817
 846
 858
1241
 422
 423
 424
 425
 427
 428
 430
 431
 432
 450
 458
 513
 514
 517
 546
 808
 812
 816
 817
 845
1241
1242
 425
 428
 432
 433
 434
 449
 450
 458
 516
 545
 809
 811
 812
 815
 816
 844
 858
 860
1242
1243
1244
 449
 459
 513
 516
 545
 811
 812
 813
 814
 815
 842
 843
 860
1244
1245
 433
 449
 450
 459
 460
 513
 516
 545
 812
 827
 828
 841
 842
 861
1245
 459
 460
 515
 516
 544
 812
 824
 825
 826
 841
 860
 861
1246
1256
1258
1259
1260
1261
 418
 438
 439
 449
 459
 460
 514
 515
 543
 544
 781
 802
 803
 811
 812
 824
 840
 841
 860
1255
1256
1259
1260
 439
 440
 449
 459
 460
 513
 515
 781
 803
 804
 810
 811
 823
 824
 841
 860
1286
 439
 440
 441
 448
 449
 450
 460
 513
 542
 543
 789
 796
 804
 805
 811
 812
 824
 841
 859
 860
1233
1239
1241
1287
 427
 442
 448
 450
 451
 460
 461
 513
 541
 542
 780
 781
 790
 796
 805
 806
 812
 823
 824
 825
 826
 827
 828
 829
 830
 832
 837
 838
 839
 840
 841
 842
 843
 844
 845
 846
 847
 848
 849
 850
 851
 852
 858
 859
1234
1241
1242
1243
1244
 427
 430
 440
 442
 444
 451
 460
 461
 462
 510
 511
 512
 539
 541
 780
 790
 796
 807
 823
 825
 832
 833
 834
 835
 837
 852
 853
 858
 859
 905
1234
1244
 427
 430
 444
 451
 462
 463
 464
 465
 780
 790
 796
 808
 812
 835
 853
 854
 859
1244
 427
 429
 430
 443
 451
 466
 539
 780
 781
 790
 791
 796
 808
 812
 835
 854
 855
 859
 860
 906
1244
 428
 430
 444
 466
 467
 539
 779
 791
 796
 808
 809
 813
 833
 835
 855
 856
 861
 906
 907
1244
 444
 467
 468
 490
 771
 773
 778
 791
 792
 796
 809
 810
 814
 831
 832
 857
 858
 859
 861
1244
 432
 433
 444
 445
 468
 469
 490
 767
 768
 769
 771
 773
 778
 793
 797
 810
 811
 815
 816
 830
 831
 861
 446
 448
 468
 492
 493
 494
 769
 774
 776
 777
 778
 794
 798
 800
 811
 816
 829
 830
 859
 860
 861
 446
 448
 450
 468
 469
 488
 489
 490
 491
 492
 795
 801
 812
 813
 817
 818
 819
 828
 829
 860
 861
1214
 450
 489
 490
 491
 795
 796
 797
 798
 799
 800
 801
 802
 803
 804
 805
 813
 818
 819
 820
 821
 822
 823
 824
 826
 827
 862
1214
1215
 450
 451
 468
 490
 782
 783
 802
 803
 805
 807
 813
 815
 816
 817
 818
 827
 862
 863
1216
1217
 451
 468
 490
 521
 807
 808
 814
 815
 863
 864
1217
1219
 451
 458
 459
 460
 461
 462
 468
 489
 490
 518
 519
 520
 521
 523
 783
 784
1220
1252
 452
 462
 463
 465
 467
 784
 808
 809
 810
 865
 447
 448
 449
 450
 451
 452
 463
 464
 489
 516
 518
 448
 490
 491
 516
 810
 489
 490
 515
 516
 811
 897
 899
 900
 901
 488
 489
 516
 517
 518
 519
 520
 521
 522
 523
 528
 812
 813
 899
1229
 450
 487
 488
 515
 516
 523
 524
 525
 526
 527
 528
 812
 813
 815
 817
1229
 450
 461
 487
 515
 522
 808
 810
 811
 816
 817
 450
 459
 462
 463
 487
 488
 513
 514
 515
 809
 817
 818
 460
 461
 488
 817
 820
 821
 822
 823
 860
 459
 461
 462
 463
 464
 488
 512
 513
 817
 818
 820
 821
 857
 858
 859
 459
 465
 466
 488
 818
 819
 849
 851
 853
 854
 855
 856
 857
 456
 458
 459
 467
 468
 488
 511
 512
 815
 817
 851
 852
 853
 458
 468
 510
 511
 468
 469
 487
 488
 509
 836
 837
 838
 840
 469
 470
 488
 507
 509
 836
 840
 841
 842
 843
 844
 846
 470
 471
 488
 506
 508
 509
 510
 511
 512
 513
 514
 515
 833
 835
 846
 847
 505
 506
 516
 517
 847
 848
 471
 473
 488
 489
1275
1276
1277
1278
 456
 463
 464
 466
 473
 489
 490
 504
 505
 848
 849
 456
 466
 474
 490
 503
1278
 467
 468
 475
 476
 477
 847
 848
 849
 850
1278
1279
 468
 469
 470
 472
 478
 479
 480
 481
 490
 491
 502
 503
 843
 844
 845
 847
 849
 851
1279
 472
 481
 491
 502
 841
 843
 852
1278
1279
 473
 474
 475
 482
 483
 491
 502
 852
 854
1277
1278
 475
 476
 484
 485
 486
 487
 490
 491
 502
 853
 854
1274
1275
1276
1277
1278
 459
 460
 461
 462
 463
 476
 478
 487
 488
 489
 490
 854
1274
 457
 459
 460
 479
 489
 501
 502
 503
 506
1274
 456
 463
 464
 480
 488
 489
 501
 502
 503
 504
 505
 506
 507
 508
 509
 510
 511
1275
 456
 457
 480
 481
 488
 501
 512
1275
 464
 465
 481
 482
 487
 488
 501
 511
 464
 465
 482
 483
 484
 487
 500
 802
 808
1275
1276
 465
 484
 802
 808
 830
 832
1275
1276
 465
 485
 486
 487
 498
 499
 500
 802
 803
 804
 805
 806
 807
 826
 827
 828
 829
 830
 831
 465
 485
 487
 497
 498
 503
 505
 506
 507
 508
 509
 801
 802
 825
 826
1274
1275
 465
 484
 485
 486
 487
 489
 490
 491
 492
 493
 494
 495
 496
 497
 501
 502
 503
 508
 509
 510
 511
 512
 801
 824
 826
 484
 501
 512
 801
 821
 822
 823
 824
1270
1271
1272
1274
 465
 466
 484
 498
 499
 500
 802
 820
 821
1269
1270
1272
 449
 450
 466
 467
 483
 484
 498
 787
 788
 802
 818
 820
1269
 450
 451
 453
 454
 468
 483
 496
 497
 786
 787
 788
 789
 798
 800
 802
 804
 806
 816
 818
1268
 453
 469
 483
 496
 785
 789
 790
 791
 797
 798
 800
 802
 803
 806
 816
 817
 818
 842
 843
 453
 469
 494
 495
 790
 792
 793
 794
 795
 796
 797
 803
 807
 808
 815
 816
 842
 843
 844
 453
 469
 470
 481
 483
 493
 494
 808
 809
 814
 815
 844
 845
 453
 454
 470
 471
 472
 473
 481
 492
 493
 494
 495
 496
 809
 810
 813
 815
 454
 455
 474
 475
 481
 491
 492
 810
 811
 812
 815
 817
 455
 461
 476
 477
 481
 490
 491
 510
 511
 512
 513
 817
 818
 819
1305
1306
1307
 455
 456
 457
 458
 459
 477
 481
 489
 490
 514
1302
1303
1304
1307
1309
1310
1311
1312
 456
 477
 481
 488
 489
 819
 824
 828
 829
 830
 831
1300
1301
1302
 477
 481
 488
 820
 822
 823
 824
 825
 826
 827
 828
1299
1300
 476
 477
 480
 481
 488
1297
1298
1299
 476
 479
 488
1296
1297
 476
 487
 488
1294
1295
1296
 476
 477
 479
 487
1292
1294
 477
 487
1291
1292
 477
 487
1290
1291
 487
1289
1290
 476
 477
 487
1289
 477
 487
1289
 477
 478
 479
 480
 481
 487
 488
 489
 490
 491
1289
 479
 480
 482
 486
1289
 483
1288
1290
 483
 484
 485
1283
1287
1288
1278
1279
1280
1281
1282
1283
1284
1285
1286
1287
1288
1278
1281
1282
1288
 452
 453
1278
1289
1290
1291
1292
 453
1277
1278
 453
 454
1277
 453
1277
 453
 453
 452
 452
 452
 452
 452
 454
 454
 455
 455
 456
 456
 456
 457
 457
 459
 459
 460
 461
 462
 463
 464
 465
 465
 466
 467
 468
 469
 470
 471
